solid OpenSCAD_Model
  facet normal -0.831458 -0.555587 0
    outer loop
      vertex -35.0355 -35.0355 0
      vertex -36.1194 -33.4134 3
      vertex -36.1194 -33.4134 0
    endloop
  endfacet
  facet normal -0.831458 -0.555587 0
    outer loop
      vertex -36.1194 -33.4134 3
      vertex -35.0355 -35.0355 0
      vertex -35.0355 -35.0355 3
    endloop
  endfacet
  facet normal -0.555587 -0.831458 0
    outer loop
      vertex -35.0355 -35.0355 0
      vertex -33.4134 -36.1194 3
      vertex -35.0355 -35.0355 3
    endloop
  endfacet
  facet normal -0.555587 -0.831458 -0
    outer loop
      vertex -33.4134 -36.1194 3
      vertex -35.0355 -35.0355 0
      vertex -33.4134 -36.1194 0
    endloop
  endfacet
  facet normal 0.555587 0.831458 -0
    outer loop
      vertex 35.0355 35.0355 0
      vertex 33.4134 36.1194 3
      vertex 35.0355 35.0355 3
    endloop
  endfacet
  facet normal 0.555587 0.831458 0
    outer loop
      vertex 33.4134 36.1194 3
      vertex 35.0355 35.0355 0
      vertex 33.4134 36.1194 0
    endloop
  endfacet
  facet normal 0 0 -1
    outer loop
      vertex 31.5 -36.5 0
      vertex 36.5 -31.5 0
      vertex 36.1194 -33.4134 0
    endloop
  endfacet
  facet normal -0 0 -1
    outer loop
      vertex 36.5 -31.5 0
      vertex 31.5 -36.5 0
      vertex 36.5 31.5 0
    endloop
  endfacet
  facet normal 0 0 -1
    outer loop
      vertex 31.5 -36.5 0
      vertex 36.1194 -33.4134 0
      vertex 35.0355 -35.0355 0
    endloop
  endfacet
  facet normal 0 0 -1
    outer loop
      vertex 31.5 36.5 0
      vertex 36.5 31.5 0
      vertex 31.5 -36.5 0
    endloop
  endfacet
  facet normal 0 0 -1
    outer loop
      vertex 31.5 -36.5 0
      vertex 35.0355 -35.0355 0
      vertex 33.4134 -36.1194 0
    endloop
  endfacet
  facet normal 0 0 -1
    outer loop
      vertex 36.5 31.5 0
      vertex 31.5 36.5 0
      vertex 36.1194 33.4134 0
    endloop
  endfacet
  facet normal 0 0 -1
    outer loop
      vertex 36.1194 33.4134 0
      vertex 31.5 36.5 0
      vertex 35.0355 35.0355 0
    endloop
  endfacet
  facet normal 0 0 -1
    outer loop
      vertex 35.0355 35.0355 0
      vertex 31.5 36.5 0
      vertex 33.4134 36.1194 0
    endloop
  endfacet
  facet normal 0 0 -1
    outer loop
      vertex -31.5 -36.5 0
      vertex 31.5 36.5 0
      vertex 31.5 -36.5 0
    endloop
  endfacet
  facet normal 0 0 -1
    outer loop
      vertex -31.5 -36.5 0
      vertex -31.5 36.5 0
      vertex 31.5 36.5 0
    endloop
  endfacet
  facet normal 0 0 -1
    outer loop
      vertex -36.5 -31.5 0
      vertex -31.5 -36.5 0
      vertex -33.4134 -36.1194 0
    endloop
  endfacet
  facet normal 0 0 -1
    outer loop
      vertex -31.5 -36.5 0
      vertex -36.5 -31.5 0
      vertex -31.5 36.5 0
    endloop
  endfacet
  facet normal 0 0 -1
    outer loop
      vertex -36.5 -31.5 0
      vertex -33.4134 -36.1194 0
      vertex -35.0355 -35.0355 0
    endloop
  endfacet
  facet normal 0 0 -1
    outer loop
      vertex -36.5 31.5 0
      vertex -31.5 36.5 0
      vertex -36.5 -31.5 0
    endloop
  endfacet
  facet normal 0 0 -1
    outer loop
      vertex -36.5 -31.5 0
      vertex -35.0355 -35.0355 0
      vertex -36.1194 -33.4134 0
    endloop
  endfacet
  facet normal 0 0 -1
    outer loop
      vertex -31.5 36.5 0
      vertex -36.5 31.5 0
      vertex -33.4134 36.1194 0
    endloop
  endfacet
  facet normal 0 0 -1
    outer loop
      vertex -33.4134 36.1194 0
      vertex -36.5 31.5 0
      vertex -35.0355 35.0355 0
    endloop
  endfacet
  facet normal 0 0 -1
    outer loop
      vertex -35.0355 35.0355 0
      vertex -36.5 31.5 0
      vertex -36.1194 33.4134 0
    endloop
  endfacet
  facet normal 0 0 1
    outer loop
      vertex 31.5 36.5 3
      vertex 36.5 31.5 3
      vertex 36.1194 33.4134 3
    endloop
  endfacet
  facet normal 0 0 1
    outer loop
      vertex 36.5 31.5 3
      vertex 31.5 36.5 3
      vertex 36.5 -31.5 3
    endloop
  endfacet
  facet normal 0 0 1
    outer loop
      vertex 31.5 36.5 3
      vertex 36.1194 33.4134 3
      vertex 35.0355 35.0355 3
    endloop
  endfacet
  facet normal 0 0 1
    outer loop
      vertex 31.5 -36.5 3
      vertex 36.5 -31.5 3
      vertex 31.5 36.5 3
    endloop
  endfacet
  facet normal 0 0 1
    outer loop
      vertex 31.5 36.5 3
      vertex 35.0355 35.0355 3
      vertex 33.4134 36.1194 3
    endloop
  endfacet
  facet normal 0 0 1
    outer loop
      vertex 36.5 -31.5 3
      vertex 31.5 -36.5 3
      vertex 36.1194 -33.4134 3
    endloop
  endfacet
  facet normal 0 0 1
    outer loop
      vertex 36.1194 -33.4134 3
      vertex 31.5 -36.5 3
      vertex 35.0355 -35.0355 3
    endloop
  endfacet
  facet normal 0 0 1
    outer loop
      vertex 35.0355 -35.0355 3
      vertex 31.5 -36.5 3
      vertex 33.4134 -36.1194 3
    endloop
  endfacet
  facet normal -0 0 1
    outer loop
      vertex -31.5 36.5 3
      vertex 31.5 -36.5 3
      vertex 31.5 36.5 3
    endloop
  endfacet
  facet normal 0 0 1
    outer loop
      vertex -31.5 36.5 3
      vertex -31.5 -36.5 3
      vertex 31.5 -36.5 3
    endloop
  endfacet
  facet normal 0 0 1
    outer loop
      vertex -36.5 31.5 3
      vertex -31.5 36.5 3
      vertex -33.4134 36.1194 3
    endloop
  endfacet
  facet normal 0 0 1
    outer loop
      vertex -31.5 36.5 3
      vertex -36.5 31.5 3
      vertex -31.5 -36.5 3
    endloop
  endfacet
  facet normal 0 0 1
    outer loop
      vertex -36.5 31.5 3
      vertex -33.4134 36.1194 3
      vertex -35.0355 35.0355 3
    endloop
  endfacet
  facet normal -0 0 1
    outer loop
      vertex -36.5 -31.5 3
      vertex -31.5 -36.5 3
      vertex -36.5 31.5 3
    endloop
  endfacet
  facet normal 0 0 1
    outer loop
      vertex -36.5 31.5 3
      vertex -35.0355 35.0355 3
      vertex -36.1194 33.4134 3
    endloop
  endfacet
  facet normal 0 0 1
    outer loop
      vertex -31.5 -36.5 3
      vertex -36.5 -31.5 3
      vertex -33.4134 -36.1194 3
    endloop
  endfacet
  facet normal 0 0 1
    outer loop
      vertex -33.4134 -36.1194 3
      vertex -36.5 -31.5 3
      vertex -35.0355 -35.0355 3
    endloop
  endfacet
  facet normal 0 0 1
    outer loop
      vertex -35.0355 -35.0355 3
      vertex -36.5 -31.5 3
      vertex -36.1194 -33.4134 3
    endloop
  endfacet
  facet normal -0.195091 -0.980785 0
    outer loop
      vertex -33.4134 -36.1194 0
      vertex -31.5 -36.5 3
      vertex -33.4134 -36.1194 3
    endloop
  endfacet
  facet normal -0.195091 -0.980785 -0
    outer loop
      vertex -31.5 -36.5 3
      vertex -33.4134 -36.1194 0
      vertex -31.5 -36.5 0
    endloop
  endfacet
  facet normal 0.195091 -0.980785 0
    outer loop
      vertex 31.5 -36.5 0
      vertex 33.4134 -36.1194 3
      vertex 31.5 -36.5 3
    endloop
  endfacet
  facet normal 0.195091 -0.980785 0
    outer loop
      vertex 33.4134 -36.1194 3
      vertex 31.5 -36.5 0
      vertex 33.4134 -36.1194 0
    endloop
  endfacet
  facet normal -0.980785 -0.195091 0
    outer loop
      vertex -36.1194 -33.4134 0
      vertex -36.5 -31.5 3
      vertex -36.5 -31.5 0
    endloop
  endfacet
  facet normal -0.980785 -0.195091 0
    outer loop
      vertex -36.5 -31.5 3
      vertex -36.1194 -33.4134 0
      vertex -36.1194 -33.4134 3
    endloop
  endfacet
  facet normal -0.831458 0.555587 0
    outer loop
      vertex -36.1194 33.4134 0
      vertex -35.0355 35.0355 3
      vertex -35.0355 35.0355 0
    endloop
  endfacet
  facet normal -0.831458 0.555587 0
    outer loop
      vertex -35.0355 35.0355 3
      vertex -36.1194 33.4134 0
      vertex -36.1194 33.4134 3
    endloop
  endfacet
  facet normal 0 1 -0
    outer loop
      vertex 31.5 36.5 0
      vertex -31.5 36.5 3
      vertex 31.5 36.5 3
    endloop
  endfacet
  facet normal 0 1 0
    outer loop
      vertex -31.5 36.5 3
      vertex 31.5 36.5 0
      vertex -31.5 36.5 0
    endloop
  endfacet
  facet normal -0.555587 0.831458 0
    outer loop
      vertex -33.4134 36.1194 0
      vertex -35.0355 35.0355 3
      vertex -33.4134 36.1194 3
    endloop
  endfacet
  facet normal -0.555587 0.831458 0
    outer loop
      vertex -35.0355 35.0355 3
      vertex -33.4134 36.1194 0
      vertex -35.0355 35.0355 0
    endloop
  endfacet
  facet normal 1 -0 0
    outer loop
      vertex 36.5 -31.5 3
      vertex 36.5 31.5 0
      vertex 36.5 31.5 3
    endloop
  endfacet
  facet normal 1 0 0
    outer loop
      vertex 36.5 31.5 0
      vertex 36.5 -31.5 3
      vertex 36.5 -31.5 0
    endloop
  endfacet
  facet normal 0 -1 0
    outer loop
      vertex -31.5 -36.5 0
      vertex 31.5 -36.5 3
      vertex -31.5 -36.5 3
    endloop
  endfacet
  facet normal 0 -1 -0
    outer loop
      vertex 31.5 -36.5 3
      vertex -31.5 -36.5 0
      vertex 31.5 -36.5 0
    endloop
  endfacet
  facet normal -1 0 0
    outer loop
      vertex -36.5 -31.5 0
      vertex -36.5 31.5 3
      vertex -36.5 31.5 0
    endloop
  endfacet
  facet normal -1 -0 0
    outer loop
      vertex -36.5 31.5 3
      vertex -36.5 -31.5 0
      vertex -36.5 -31.5 3
    endloop
  endfacet
  facet normal -0.195091 0.980785 0
    outer loop
      vertex -31.5 36.5 0
      vertex -33.4134 36.1194 3
      vertex -31.5 36.5 3
    endloop
  endfacet
  facet normal -0.195091 0.980785 0
    outer loop
      vertex -33.4134 36.1194 3
      vertex -31.5 36.5 0
      vertex -33.4134 36.1194 0
    endloop
  endfacet
  facet normal 0.831458 0.555587 0
    outer loop
      vertex 36.1194 33.4134 3
      vertex 35.0355 35.0355 0
      vertex 35.0355 35.0355 3
    endloop
  endfacet
  facet normal 0.831458 0.555587 0
    outer loop
      vertex 35.0355 35.0355 0
      vertex 36.1194 33.4134 3
      vertex 36.1194 33.4134 0
    endloop
  endfacet
  facet normal 0.980785 -0.195091 0
    outer loop
      vertex 36.1194 -33.4134 3
      vertex 36.5 -31.5 0
      vertex 36.5 -31.5 3
    endloop
  endfacet
  facet normal 0.980785 -0.195091 0
    outer loop
      vertex 36.5 -31.5 0
      vertex 36.1194 -33.4134 3
      vertex 36.1194 -33.4134 0
    endloop
  endfacet
  facet normal 0.831458 -0.555587 0
    outer loop
      vertex 35.0355 -35.0355 3
      vertex 36.1194 -33.4134 0
      vertex 36.1194 -33.4134 3
    endloop
  endfacet
  facet normal 0.831458 -0.555587 0
    outer loop
      vertex 36.1194 -33.4134 0
      vertex 35.0355 -35.0355 3
      vertex 35.0355 -35.0355 0
    endloop
  endfacet
  facet normal -0.980785 0.195091 0
    outer loop
      vertex -36.5 31.5 0
      vertex -36.1194 33.4134 3
      vertex -36.1194 33.4134 0
    endloop
  endfacet
  facet normal -0.980785 0.195091 0
    outer loop
      vertex -36.1194 33.4134 3
      vertex -36.5 31.5 0
      vertex -36.5 31.5 3
    endloop
  endfacet
  facet normal 0.195091 0.980785 -0
    outer loop
      vertex 33.4134 36.1194 0
      vertex 31.5 36.5 3
      vertex 33.4134 36.1194 3
    endloop
  endfacet
  facet normal 0.195091 0.980785 0
    outer loop
      vertex 31.5 36.5 3
      vertex 33.4134 36.1194 0
      vertex 31.5 36.5 0
    endloop
  endfacet
  facet normal 0.980785 0.195091 0
    outer loop
      vertex 36.5 31.5 3
      vertex 36.1194 33.4134 0
      vertex 36.1194 33.4134 3
    endloop
  endfacet
  facet normal 0.980785 0.195091 0
    outer loop
      vertex 36.1194 33.4134 0
      vertex 36.5 31.5 3
      vertex 36.5 31.5 0
    endloop
  endfacet
  facet normal 0.555587 -0.831458 0
    outer loop
      vertex 33.4134 -36.1194 0
      vertex 35.0355 -35.0355 3
      vertex 33.4134 -36.1194 3
    endloop
  endfacet
  facet normal 0.555587 -0.831458 0
    outer loop
      vertex 35.0355 -35.0355 3
      vertex 33.4134 -36.1194 0
      vertex 35.0355 -35.0355 0
    endloop
  endfacet
endsolid OpenSCAD_Model
